which:0.516793449463	ways:0.516793449463	waiting:0.516793449463	very:0.516793449463	turn:0.516793449463	tries:0.516793449463	they:0.516793449463	still:0.516793449463	square:0.516793449463	sort:0.516793449463	small:0.516793449463	seems:0.516793449463	seem:0.516793449463	rotating:0.516793449463	reluctant:0.516793449463	refusing:0.516793449463	pull:0.516793449463	not:0.516793449463	moving:0.516793449463	moves:0.516793449463	inner:0.516793449463	him:0.516793449463	going:0.516793449463	funny:0.516793449463	for:0.516793449463	do:0.516793449463	corner:0.516793449463	color:0.516793449463	came:0.516793449463	call:0.516793449463	by:0.516793449463	but:0.516793449463	be:0.516793449463	





vertices:0.613025208779	tries:0.613025208779	touched:0.613025208779	there:0.613025208779	then:0.613025208779	their:0.613025208779	that:0.613025208779	surroundings:0.613025208779	stay:0.613025208779	started:0.613025208779	so:0.613025208779	seems:0.613025208779	region:0.613025208779	red:0.613025208779	over:0.613025208779	of:0.613025208779	object:0.613025208779	larger:0.613025208779	it:0.613025208779	have:0.613025208779	happy:0.613025208779	goes:0.613025208779	get:0.613025208779	focing:0.613025208779	enjoying:0.613025208779	door:0.613025208779	connected:0.613025208779	circling:0.613025208779	blue:0.613025208779	big:0.613025208779	be:0.613025208779	also:0.613025208779	again:0.613025208779	after:0.613025208779	acquainted:0.613025208779	with:0.524932924962	triangles:0.524932924962	smaller:0.524932924962	small:0.524932924962	roaming:0.524932924962	rectangle:0.524932924962	playing:0.524932924962	other:0.524932924962	one:0.524932924962	interacting:0.524932924962	fighting:0.524932924962	exploring:0.524932924962	each:0.524932924962	








virtue:0.976030553228	using:0.976030553228	tips:0.976030553228	their:0.976030553228	that:0.976030553228	taunt:0.976030553228	success:0.976030553228	stuck:0.976030553228	some:0.976030553228	so:0.976030553228	slowly:0.976030553228	size:0.976030553228	roam:0.976030553228	ring:0.976030553228	reluctant:0.976030553228	region:0.976030553228	rectangle:0.976030553228	reason:0.976030553228	pushing:0.976030553228	on:0.976030553228	not:0.976030553228	move:0.976030553228	more:0.976030553228	like:0.976030553228	into:0.976030553228	in:0.976030553228	his:0.976030553228	him:0.976030553228	gone:0.976030553228	go:0.976030553228	gets:0.976030553228	from:0.976030553228	force:0.976030553228	for:0.976030553228	explore:0.976030553228	enter:0.976030553228	easily:0.976030553228	door:0.976030553228	completely:0.976030553228	comes:0.976030553228	come:0.976030553228	color:0.976030553228	cannot:0.976030553228	can:0.976030553228	but:0.976030553228	blocks:0.976030553228	be:0.976030553228	basically:0.976030553228	at:0.976030553228	arena:0.976030553228	area:0.976030553228	again:0.976030553228	tries:0.846210345498	still:0.846210345498	red:0.846210345498	pushed:0.846210345498	moving:0.846210345498	he:0.846210345498	have:0.846210345498	has:0.846210345498	forcefully:0.846210345498	blue:0.846210345498	big:0.846210345498	trying:0.77027039214	roaming:0.77027039214	of:0.77027039214	inside:0.77027039214	around:0.77027039214	very:0.716390137768	small:0.716390137768	seems:0.716390137768	bigger:0.716390137768	out:0.674597365615	one:0.674597365615	object:0.674597365615	it:0.674597365615	box:0.674597365615	now:0.611579154074	to:0.544777157885	outside:0.526926421868	and:0.526926421868	


